40.0378 -75.1764
40.0375 -75.1761
40.0383 -75.1753
40.0377 -75.1744
40.0375 -75.1739
40.0374 -75.1731
40.0369 -75.1718
40.0381 -75.1706
40.0385 -75.1699
40.0385 -75.1696
40.0385 -75.1689
40.0385 -75.1686
40.0386 -75.1685
40.0404 -75.1666
40.0399 -75.1649
40.041 -75.1637
40.043 -75.1617
40.0433 -75.1613
40.0441 -75.1605
40.0449 -75.1596
40.0451 -75.1582
40.0452 -75.1574
40.0454 -75.1566
40.0456 -75.156
40.0458 -75.1558
40.0463 -75.155
40.0465 -75.1542
40.0466 -75.1537
40.0465 -75.153
40.0464 -75.1519
40.0464 -75.1507
40.0463 -75.1487
40.0463 -75.1481
40.0462 -75.1465
40.0462 -75.1453
40.0467 -75.1454
40.0465 -75.1431
40.0457 -75.1337
40.0456 -75.133
40.0449 -75.1268
40.0447 -75.1258
40.0445 -75.1236
40.0442 -75.1216
40.0439 -75.1196
40.0445 -75.1195
40.0432 -75.1099
40.0422 -75.1083
40.0413 -75.1067
40.0419 -75.1059
40.0408 -75.104
40.0399 -75.1023
40.039 -75.1007
40.035 -75.0933
40.0343 -75.0923
40.0334 -75.0906
40.0326 -75.0892
40.032 -75.0881
40.0323 -75.0875
40.0326 -75.087
40.0329 -75.0865
40.0322 -75.0853
40.031 -75.0834
40.0306 -75.0826
40.0296 -75.0809
40.0292 -75.0803
40.0291 -75.08
40.0286 -75.0791
40.0282 -75.0785
40.0279 -75.0779
40.0274 -75.0768
40.0271 -75.0755
40.0267 -75.0749
40.0254 -75.0734
40.0266 -75.068
40.027 -75.0654
40.0271 -75.0651
40.0275 -75.0624
40.0275 -75.0622
40.0278 -75.06
40.0279 -75.0592
40.0282 -75.0586
40.0285 -75.0579
40.0288 -75.0573
40.0291 -75.0567
40.0295 -75.0561
40.0299 -75.0557
40.0301 -75.0554
40.0307 -75.0548
40.0312 -75.0541
40.0312 -75.054
40.0317 -75.0533
40.0323 -75.051
40.0326 -75.0499
40.0333 -75.0493
40.0339 -75.0487
40.0345 -75.0481
40.0351 -75.0475
40.0358 -75.0469
40.0364 -75.0464
40.037 -75.0458
40.0375 -75.0453
40.0381 -75.0448
40.0387 -75.0442
40.0391 -75.0435
40.0394 -75.0426
40.0398 -75.0417
40.0401 -75.0409
40.0405 -75.0401
40.0408 -75.0392
